solid AssimpScene
 facet normal 0 0 0
  outer loop
  vertex 0.00923879538 0.00382683426 -0.00249999994
  vertex 0.00999999978 0 -0.00249999994
  vertex 0.00923879538 -0.00382683426 -0.00249999994
  endloop
 endfacet

 facet normal 0 0 0
  outer loop
  vertex 0.00923879538 0.00382683426 -0.00249999994
  vertex 0.00923879538 -0.00382683426 -0.00249999994
  vertex 0.00707106758 -0.00707106758 -0.00249999994
  endloop
 endfacet

 facet normal 0 0 0
  outer loop
  vertex 0.00923879538 0.00382683426 -0.00249999994
  vertex 0.00707106758 -0.00707106758 -0.00249999994
  vertex 0.00382683426 -0.00923879538 -0.00249999994
  endloop
 endfacet

 facet normal 0 0 0
  outer loop
  vertex 0.00923879538 0.00382683426 -0.00249999994
  vertex 0.00382683426 -0.00923879538 -0.00249999994
  vertex -1.83697024e-18 -0.00999999978 -0.00249999994
  endloop
 endfacet

 facet normal 0 0 0
  outer loop
  vertex 0.00923879538 0.00382683426 -0.00249999994
  vertex -1.83697024e-18 -0.00999999978 -0.00249999994
  vertex -0.00382683426 -0.00923879538 -0.00249999994
  endloop
 endfacet

 facet normal 0 0 0
  outer loop
  vertex 0.00923879538 0.00382683426 -0.00249999994
  vertex -0.00382683426 -0.00923879538 -0.00249999994
  vertex -0.00707106758 -0.00707106758 -0.00249999994
  endloop
 endfacet

 facet normal 0 0 0
  outer loop
  vertex 0.00923879538 0.00382683426 -0.00249999994
  vertex -0.00707106758 -0.00707106758 -0.00249999994
  vertex -0.00923879538 -0.00382683426 -0.00249999994
  endloop
 endfacet

 facet normal 0 0 0
  outer loop
  vertex 0.00923879538 0.00382683426 -0.00249999994
  vertex -0.00923879538 -0.00382683426 -0.00249999994
  vertex -0.00999999978 1.22464679e-18 -0.00249999994
  endloop
 endfacet

 facet normal 0 0 0
  outer loop
  vertex 0.00923879538 0.00382683426 -0.00249999994
  vertex -0.00999999978 1.22464679e-18 -0.00249999994
  vertex -0.00923879538 0.00382683426 -0.00249999994
  endloop
 endfacet

 facet normal 0 0 0
  outer loop
  vertex 0.00923879538 0.00382683426 -0.00249999994
  vertex -0.00923879538 0.00382683426 -0.00249999994
  vertex -0.00707106758 0.00707106758 -0.00249999994
  endloop
 endfacet

 facet normal 0 0 0
  outer loop
  vertex 0.00923879538 0.00382683426 -0.00249999994
  vertex -0.00707106758 0.00707106758 -0.00249999994
  vertex -0.00382683426 0.00923879538 -0.00249999994
  endloop
 endfacet

 facet normal 0 0 0
  outer loop
  vertex 0.00923879538 0.00382683426 -0.00249999994
  vertex -0.00382683426 0.00923879538 -0.00249999994
  vertex 6.12323395e-19 0.00999999978 -0.00249999994
  endloop
 endfacet

 facet normal 0 0 0
  outer loop
  vertex 0.00923879538 0.00382683426 -0.00249999994
  vertex 6.12323395e-19 0.00999999978 -0.00249999994
  vertex 0.00382683426 0.00923879538 -0.00249999994
  endloop
 endfacet

 facet normal 0 0 0
  outer loop
  vertex 0.00923879538 0.00382683426 -0.00249999994
  vertex 0.00382683426 0.00923879538 -0.00249999994
  vertex 0.00707106758 0.00707106758 -0.00249999994
  endloop
 endfacet

 facet normal 0 0 0
  outer loop
  vertex -0.00382683426 -0.00923879538 0.00249999994
  vertex -0.00707106758 -0.00707106758 0.00249999994
  vertex -0.00707106758 -0.00707106758 -0.00249999994
  endloop
 endfacet

 facet normal 0 0 0
  outer loop
  vertex -0.00382683426 -0.00923879538 0.00249999994
  vertex -0.00707106758 -0.00707106758 -0.00249999994
  vertex -0.00382683426 -0.00923879538 -0.00249999994
  endloop
 endfacet

 facet normal 0 0 0
  outer loop
  vertex -0.00382683426 -0.00923879538 0.00249999994
  vertex -0.00382683426 -0.00923879538 -0.00249999994
  vertex -1.83697024e-18 -0.00999999978 -0.00249999994
  endloop
 endfacet

 facet normal 0 0 0
  outer loop
  vertex -0.00382683426 -0.00923879538 0.00249999994
  vertex -1.83697024e-18 -0.00999999978 -0.00249999994
  vertex -1.83697024e-18 -0.00999999978 0.00249999994
  endloop
 endfacet

 facet normal 0 0 0
  outer loop
  vertex -0.00923879538 -0.00382683426 0.00249999994
  vertex -0.00999999978 1.22464679e-18 0.00249999994
  vertex -0.00999999978 1.22464679e-18 -0.00249999994
  endloop
 endfacet

 facet normal 0 0 0
  outer loop
  vertex -0.00923879538 -0.00382683426 0.00249999994
  vertex -0.00999999978 1.22464679e-18 -0.00249999994
  vertex -0.00923879538 -0.00382683426 -0.00249999994
  endloop
 endfacet

 facet normal 0 0 0
  outer loop
  vertex -0.00923879538 -0.00382683426 0.00249999994
  vertex -0.00923879538 -0.00382683426 -0.00249999994
  vertex -0.00707106758 -0.00707106758 -0.00249999994
  endloop
 endfacet

 facet normal 0 0 0
  outer loop
  vertex -0.00923879538 -0.00382683426 0.00249999994
  vertex -0.00707106758 -0.00707106758 -0.00249999994
  vertex -0.00707106758 -0.00707106758 0.00249999994
  endloop
 endfacet

 facet normal 0 0 0
  outer loop
  vertex -0.00923879538 0.00382683426 0.00249999994
  vertex -0.00707106758 0.00707106758 0.00249999994
  vertex -0.00707106758 0.00707106758 -0.00249999994
  endloop
 endfacet

 facet normal 0 0 0
  outer loop
  vertex -0.00923879538 0.00382683426 0.00249999994
  vertex -0.00707106758 0.00707106758 -0.00249999994
  vertex -0.00923879538 0.00382683426 -0.00249999994
  endloop
 endfacet

 facet normal 0 0 0
  outer loop
  vertex -0.00923879538 0.00382683426 0.00249999994
  vertex -0.00923879538 0.00382683426 -0.00249999994
  vertex -0.00999999978 1.22464679e-18 -0.00249999994
  endloop
 endfacet

 facet normal 0 0 0
  outer loop
  vertex -0.00923879538 0.00382683426 0.00249999994
  vertex -0.00999999978 1.22464679e-18 -0.00249999994
  vertex -0.00999999978 1.22464679e-18 0.00249999994
  endloop
 endfacet

 facet normal 0 0 0
  outer loop
  vertex -0.00382683426 0.00923879538 0.00249999994
  vertex 6.12323395e-19 0.00999999978 0.00249999994
  vertex 6.12323395e-19 0.00999999978 -0.00249999994
  endloop
 endfacet

 facet normal 0 0 0
  outer loop
  vertex -0.00382683426 0.00923879538 0.00249999994
  vertex 6.12323395e-19 0.00999999978 -0.00249999994
  vertex -0.00382683426 0.00923879538 -0.00249999994
  endloop
 endfacet

 facet normal 0 0 0
  outer loop
  vertex -0.00382683426 0.00923879538 0.00249999994
  vertex -0.00382683426 0.00923879538 -0.00249999994
  vertex -0.00707106758 0.00707106758 -0.00249999994
  endloop
 endfacet

 facet normal 0 0 0
  outer loop
  vertex -0.00382683426 0.00923879538 0.00249999994
  vertex -0.00707106758 0.00707106758 -0.00249999994
  vertex -0.00707106758 0.00707106758 0.00249999994
  endloop
 endfacet

 facet normal 0 0 0
  outer loop
  vertex 0.00923879538 -0.00382683426 0.00249999994
  vertex 0.00707106758 -0.00707106758 0.00249999994
  vertex 0.00707106758 -0.00707106758 -0.00249999994
  endloop
 endfacet

 facet normal 0 0 0
  outer loop
  vertex 0.00923879538 -0.00382683426 0.00249999994
  vertex 0.00707106758 -0.00707106758 -0.00249999994
  vertex 0.00923879538 -0.00382683426 -0.00249999994
  endloop
 endfacet

 facet normal 0 0 0
  outer loop
  vertex 0.00923879538 -0.00382683426 0.00249999994
  vertex 0.00923879538 -0.00382683426 -0.00249999994
  vertex 0.00999999978 0 -0.00249999994
  endloop
 endfacet

 facet normal 0 0 0
  outer loop
  vertex 0.00923879538 -0.00382683426 0.00249999994
  vertex 0.00999999978 0 -0.00249999994
  vertex 0.00999999978 0 0.00249999994
  endloop
 endfacet

 facet normal 0 0 0
  outer loop
  vertex 0.00382683426 -0.00923879538 0.00249999994
  vertex -1.83697024e-18 -0.00999999978 0.00249999994
  vertex -1.83697024e-18 -0.00999999978 -0.00249999994
  endloop
 endfacet

 facet normal 0 0 0
  outer loop
  vertex 0.00382683426 -0.00923879538 0.00249999994
  vertex -1.83697024e-18 -0.00999999978 -0.00249999994
  vertex 0.00382683426 -0.00923879538 -0.00249999994
  endloop
 endfacet

 facet normal 0 0 0
  outer loop
  vertex 0.00382683426 -0.00923879538 0.00249999994
  vertex 0.00382683426 -0.00923879538 -0.00249999994
  vertex 0.00707106758 -0.00707106758 -0.00249999994
  endloop
 endfacet

 facet normal 0 0 0
  outer loop
  vertex 0.00382683426 -0.00923879538 0.00249999994
  vertex 0.00707106758 -0.00707106758 -0.00249999994
  vertex 0.00707106758 -0.00707106758 0.00249999994
  endloop
 endfacet

 facet normal 0 0 0
  outer loop
  vertex 0.00382683426 0.00923879538 0.00249999994
  vertex 0.00707106758 0.00707106758 0.00249999994
  vertex 0.00707106758 0.00707106758 -0.00249999994
  endloop
 endfacet

 facet normal 0 0 0
  outer loop
  vertex 0.00382683426 0.00923879538 0.00249999994
  vertex 0.00707106758 0.00707106758 -0.00249999994
  vertex 0.00382683426 0.00923879538 -0.00249999994
  endloop
 endfacet

 facet normal 0 0 0
  outer loop
  vertex 0.00382683426 0.00923879538 0.00249999994
  vertex 0.00382683426 0.00923879538 -0.00249999994
  vertex 6.12323395e-19 0.00999999978 -0.00249999994
  endloop
 endfacet

 facet normal 0 0 0
  outer loop
  vertex 0.00382683426 0.00923879538 0.00249999994
  vertex 6.12323395e-19 0.00999999978 -0.00249999994
  vertex 6.12323395e-19 0.00999999978 0.00249999994
  endloop
 endfacet

 facet normal 0 0 0
  outer loop
  vertex 0.00923879538 0.00382683426 0.00249999994
  vertex 0.00999999978 0 0.00249999994
  vertex 0.00999999978 0 -0.00249999994
  endloop
 endfacet

 facet normal 0 0 0
  outer loop
  vertex 0.00923879538 0.00382683426 0.00249999994
  vertex 0.00999999978 0 -0.00249999994
  vertex 0.00923879538 0.00382683426 -0.00249999994
  endloop
 endfacet

 facet normal 0 0 0
  outer loop
  vertex 0.00923879538 0.00382683426 0.00249999994
  vertex 0.00923879538 0.00382683426 -0.00249999994
  vertex 0.00707106758 0.00707106758 -0.00249999994
  endloop
 endfacet

 facet normal 0 0 0
  outer loop
  vertex 0.00923879538 0.00382683426 0.00249999994
  vertex 0.00707106758 0.00707106758 -0.00249999994
  vertex 0.00707106758 0.00707106758 0.00249999994
  endloop
 endfacet

 facet normal 0 0 0
  outer loop
  vertex 0.00923879538 0.00382683426 0.00249999994
  vertex 0.00707106758 0.00707106758 0.00249999994
  vertex 0.00382683426 0.00923879538 0.00249999994
  endloop
 endfacet

 facet normal 0 0 0
  outer loop
  vertex 0.00923879538 0.00382683426 0.00249999994
  vertex 0.00382683426 0.00923879538 0.00249999994
  vertex 6.12323395e-19 0.00999999978 0.00249999994
  endloop
 endfacet

 facet normal 0 0 0
  outer loop
  vertex 0.00923879538 0.00382683426 0.00249999994
  vertex 6.12323395e-19 0.00999999978 0.00249999994
  vertex -0.00382683426 0.00923879538 0.00249999994
  endloop
 endfacet

 facet normal 0 0 0
  outer loop
  vertex 0.00923879538 0.00382683426 0.00249999994
  vertex -0.00382683426 0.00923879538 0.00249999994
  vertex -0.00707106758 0.00707106758 0.00249999994
  endloop
 endfacet

 facet normal 0 0 0
  outer loop
  vertex 0.00923879538 0.00382683426 0.00249999994
  vertex -0.00707106758 0.00707106758 0.00249999994
  vertex -0.00923879538 0.00382683426 0.00249999994
  endloop
 endfacet

 facet normal 0 0 0
  outer loop
  vertex 0.00923879538 0.00382683426 0.00249999994
  vertex -0.00923879538 0.00382683426 0.00249999994
  vertex -0.00999999978 1.22464679e-18 0.00249999994
  endloop
 endfacet

 facet normal 0 0 0
  outer loop
  vertex 0.00923879538 0.00382683426 0.00249999994
  vertex -0.00999999978 1.22464679e-18 0.00249999994
  vertex -0.00923879538 -0.00382683426 0.00249999994
  endloop
 endfacet

 facet normal 0 0 0
  outer loop
  vertex 0.00923879538 0.00382683426 0.00249999994
  vertex -0.00923879538 -0.00382683426 0.00249999994
  vertex -0.00707106758 -0.00707106758 0.00249999994
  endloop
 endfacet

 facet normal 0 0 0
  outer loop
  vertex 0.00923879538 0.00382683426 0.00249999994
  vertex -0.00707106758 -0.00707106758 0.00249999994
  vertex -0.00382683426 -0.00923879538 0.00249999994
  endloop
 endfacet

 facet normal 0 0 0
  outer loop
  vertex 0.00923879538 0.00382683426 0.00249999994
  vertex -0.00382683426 -0.00923879538 0.00249999994
  vertex -1.83697024e-18 -0.00999999978 0.00249999994
  endloop
 endfacet

 facet normal 0 0 0
  outer loop
  vertex 0.00923879538 0.00382683426 0.00249999994
  vertex -1.83697024e-18 -0.00999999978 0.00249999994
  vertex 0.00382683426 -0.00923879538 0.00249999994
  endloop
 endfacet

 facet normal 0 0 0
  outer loop
  vertex 0.00923879538 0.00382683426 0.00249999994
  vertex 0.00382683426 -0.00923879538 0.00249999994
  vertex 0.00707106758 -0.00707106758 0.00249999994
  endloop
 endfacet

 facet normal 0 0 0
  outer loop
  vertex 0.00923879538 0.00382683426 0.00249999994
  vertex 0.00707106758 -0.00707106758 0.00249999994
  vertex 0.00923879538 -0.00382683426 0.00249999994
  endloop
 endfacet

 facet normal 0 0 0
  outer loop
  vertex 0.00923879538 0.00382683426 0.00249999994
  vertex 0.00923879538 -0.00382683426 0.00249999994
  vertex 0.00999999978 0 0.00249999994
  endloop
 endfacet

endsolid AssimpScene
